============================================================
TRIPLET HYBRID SORT BATTERY
HIGH_CUT=128  LOW_CUT=16
Seeds: [42, 137, 1618, 2718, 3141, 9973, 31337, 65537]
Sizes: [64, 256, 1024]
Triplets: 36
============================================================

Key:
  T_QQI  =  outer:Quick  mid:Quick  inner:Insertion
  T_QQS  =  outer:Quick  mid:Quick  inner:Selection
  T_QQB  =  outer:Quick  mid:Quick  inner:Bubble
  T_QMI  =  outer:Quick  mid:Merge  inner:Insertion
  T_QMS  =  outer:Quick  mid:Merge  inner:Selection
  T_QMB  =  outer:Quick  mid:Merge  inner:Bubble
  T_QHI  =  outer:Quick  mid:Heap  inner:Insertion
  T_QHS  =  outer:Quick  mid:Heap  inner:Selection
  T_QHB  =  outer:Quick  mid:Heap  inner:Bubble
  T_QII  =  outer:Quick  mid:Insertion  inner:Insertion
  T_QIS  =  outer:Quick  mid:Insertion  inner:Selection
  T_QIB  =  outer:Quick  mid:Insertion  inner:Bubble
  T_QSI  =  outer:Quick  mid:Selection  inner:Insertion
  T_QSS  =  outer:Quick  mid:Selection  inner:Selection
  T_QSB  =  outer:Quick  mid:Selection  inner:Bubble
  T_QRI  =  outer:Quick  mid:Radix  inner:Insertion
  T_QRS  =  outer:Quick  mid:Radix  inner:Selection
  T_QRB  =  outer:Quick  mid:Radix  inner:Bubble
  T_MQI  =  outer:Merge  mid:Quick  inner:Insertion
  T_MQS  =  outer:Merge  mid:Quick  inner:Selection
  T_MQB  =  outer:Merge  mid:Quick  inner:Bubble
  T_MMI  =  outer:Merge  mid:Merge  inner:Insertion
  T_MMS  =  outer:Merge  mid:Merge  inner:Selection
  T_MMB  =  outer:Merge  mid:Merge  inner:Bubble
  T_MHI  =  outer:Merge  mid:Heap  inner:Insertion
  T_MHS  =  outer:Merge  mid:Heap  inner:Selection
  T_MHB  =  outer:Merge  mid:Heap  inner:Bubble
  T_MII  =  outer:Merge  mid:Insertion  inner:Insertion
  T_MIS  =  outer:Merge  mid:Insertion  inner:Selection
  T_MIB  =  outer:Merge  mid:Insertion  inner:Bubble
  T_MSI  =  outer:Merge  mid:Selection  inner:Insertion
  T_MSS  =  outer:Merge  mid:Selection  inner:Selection
  T_MSB  =  outer:Merge  mid:Selection  inner:Bubble
  T_MRI  =  outer:Merge  mid:Radix  inner:Insertion
  T_MRS  =  outer:Merge  mid:Radix  inner:Selection
  T_MRB  =  outer:Merge  mid:Radix  inner:Bubble

Triplet battery: 36 algorithms × 13 input types × 3 sizes × 8 seeds
Total trials: 11232

  2000/11232  (17%)
  4000/11232  (35%)
  6000/11232  (53%)
  8000/11232  (71%)
  10000/11232  (89%)
  11232/11232  (100%)  done.

Full results written to src/triplet_results.json

============================================================
CORRECTNESS
============================================================
  Total  : 11232
  Correct: 11232  (100.0%)

============================================================================================================================================
RAW MEAN COMPARISONS  n=64  (mean over 8 seeds)
============================================================================================================================================
  Algorithm       random      sorted     reverse  nearly_sor  few_unique    sawtooth  pipe_organ    all_same  two_values  interleave     rotated  random_blo  killer_qui        MEAN
  ──────────────────────────────────────────────────────────────────────────────────────────────────────────────────────────────────────────────────────────────────────────────────
  T_QQI              381         187         266         204         296         289         588         185         235         187         524         380         375         315
  T_QQS              484         565         568         551         483         463         665         563         467         565         580         481         502         534
  T_QQB              470         187         568         254         378         403         659         185         259         187         579         454         471         389
  T_QMI              400         124         544         178         351         360         364         124         279         124         140         356         380         287
  T_QMS              602         544         544         564         594         598         574         544         576         544         560         589         576         570
  T_QMB              569         124         544         324         530         560         364         124         455         124         140         460         464         368
  T_QHI              576         593         525         593         527         532         578         186         374         593         576         567         562         522
  T_QHS              576         593         525         593         527         532         578         186         374         593         576         567         562         522
  T_QHB              576         593         525         593         527         532         578         186         374         593         576         567         562         522
  T_QII            1,024          63       2,016         149         824         878       1,024          63         560          63         830       1,038       1,055         738
  T_QIS            1,024          63       2,016         149         824         878       1,024          63         560          63         830       1,038       1,055         738
  T_QIB            1,024          63       2,016         149         824         878       1,024          63         560          63         830       1,038       1,055         738
  T_QSI            2,016       2,016       2,016       2,016       2,016       2,016       2,016       2,016       2,016       2,016       2,016       2,016       2,016       2,016
  T_QSS            2,016       2,016       2,016       2,016       2,016       2,016       2,016       2,016       2,016       2,016       2,016       2,016       2,016       2,016
  T_QSB            2,016       2,016       2,016       2,016       2,016       2,016       2,016       2,016       2,016       2,016       2,016       2,016       2,016       2,016
  T_QRI                0           0           0           0           0           0           0           0           0           0           0           0           0           0
  T_QRS                0           0           0           0           0           0           0           0           0           0           0           0           0           0
  T_QRB                0           0           0           0           0           0           0           0           0           0           0           0           0           0
  T_MQI              381         187         266         204         296         289         588         185         235         187         524         380         375         315
  T_MQS              484         565         568         551         483         463         665         563         467         565         580         481         502         534
  T_MQB              470         187         568         254         378         403         659         185         259         187         579         454         471         389
  T_MMI              400         124         544         178         351         360         364         124         279         124         140         356         380         287
  T_MMS              602         544         544         564         594         598         574         544         576         544         560         589         576         570
  T_MMB              569         124         544         324         530         560         364         124         455         124         140         460         464         368
  T_MHI              576         593         525         593         527         532         578         186         374         593         576         567         562         522
  T_MHS              576         593         525         593         527         532         578         186         374         593         576         567         562         522
  T_MHB              576         593         525         593         527         532         578         186         374         593         576         567         562         522
  T_MII            1,024          63       2,016         149         824         878       1,024          63         560          63         830       1,038       1,055         738
  T_MIS            1,024          63       2,016         149         824         878       1,024          63         560          63         830       1,038       1,055         738
  T_MIB            1,024          63       2,016         149         824         878       1,024          63         560          63         830       1,038       1,055         738
  T_MSI            2,016       2,016       2,016       2,016       2,016       2,016       2,016       2,016       2,016       2,016       2,016       2,016       2,016       2,016
  T_MSS            2,016       2,016       2,016       2,016       2,016       2,016       2,016       2,016       2,016       2,016       2,016       2,016       2,016       2,016
  T_MSB            2,016       2,016       2,016       2,016       2,016       2,016       2,016       2,016       2,016       2,016       2,016       2,016       2,016       2,016
  T_MRI                0           0           0           0           0           0           0           0           0           0           0           0           0           0
  T_MRS                0           0           0           0           0           0           0           0           0           0           0           0           0           0
  T_MRB                0           0           0           0           0           0           0           0           0           0           0           0           0           0

============================================================================================================================================
RAW MEAN COMPARISONS  n=256  (mean over 8 seeds)
============================================================================================================================================
  Algorithm       random      sorted     reverse  nearly_sor  few_unique    sawtooth  pipe_organ    all_same  two_values  interleave     rotated  random_blo  killer_qui        MEAN
  ──────────────────────────────────────────────────────────────────────────────────────────────────────────────────────────────────────────────────────────────────────────────────
  T_QQI            2,117       1,253       1,924       1,315       1,486       1,914       3,647       1,249       1,396       1,253       1,860       1,916       1,953       1,791
  T_QQS            2,544       2,723       2,927       2,662       2,466       2,584       3,976       2,719       2,408       2,723       2,799       2,481       2,526       2,734
  T_QQB            2,464       1,253       2,927       1,428       1,574       2,345       3,880       1,249       1,426       1,253       2,420       2,274       2,456       2,073
  T_QMI            2,037         880         912       1,208       1,611       2,138       3,582         879       1,201         880       1,941       1,853       1,961       1,622
  T_QMS            2,530       2,546       2,552       2,747       2,391       2,852       3,891       2,545       2,278       2,546       2,766       2,451       2,794       2,684
  T_QMB            2,451         880       1,082       1,686       2,049       2,623       3,774         879       1,351         880       2,058       1,972       2,569       1,866
  T_QHI            2,931       3,161       3,174       3,158       2,129       2,918       4,098       1,009       1,408       3,161       2,928       2,900       3,044       2,771
  T_QHS            2,931       3,161       3,174       3,158       2,129       2,918       4,141       1,009       1,408       3,161       2,928       2,900       3,044       2,774
  T_QHB            2,931       3,161       3,174       3,158       2,129       2,918       4,139       1,009       1,408       3,161       2,928       2,900       3,044       2,774
  T_QII            6,158         510         760       1,310       3,461       5,401       6,777         509       1,422         510       8,511       6,592       8,448       3,874
  T_QIS            6,158         510         760       1,310       3,461       5,401       6,820         509       1,422         510       8,511       6,592       8,448       3,878
  T_QIB            6,158         510         760       1,310       3,461       5,401       6,818         509       1,422         510       8,511       6,592       8,448       3,878
  T_QSI           11,256      16,386      16,386      16,386      11,161      10,638       9,108      16,385      11,327      16,386      12,356      11,419      16,386      13,506
  T_QSS           11,256      16,386      16,386      16,386      11,161      10,638       9,151      16,385      11,327      16,386      12,356      11,419      16,386      13,509
  T_QSB           11,256      16,386      16,386      16,386      11,161      10,638       9,149      16,385      11,327      16,386      12,356      11,419      16,386      13,509
  T_QRI              476         257         257         257         474         665       2,369         256         458         257         449         480         257         532
  T_QRS              476         257         257         257         474         665       2,412         256         458         257         449         480         257         535
  T_QRB              476         257         257         257         474         665       2,410         256         458         257         449         480         257         535
  T_MQI            2,049       1,128       1,606       1,848       1,512       1,950       1,493       1,122       1,362       1,128       1,582       1,841       1,850       1,575
  T_MQS            2,486       2,612       2,690       2,488       2,344       2,514       2,777       2,606       2,264       2,612       2,695       2,447       2,558       2,546
  T_MQB            2,413       1,128       2,690       2,140       1,709       2,396       2,035       1,122       1,408       1,128       1,953       2,208       2,460       1,907
  T_MMI            2,150         752       2,432       1,223       1,895       1,652       1,718         752       1,467         752         816       1,276       1,904       1,445
  T_MMS            2,915       2,432       2,432       2,747       2,835       2,895       2,558       2,432       2,679       2,432       2,496       2,734       2,688       2,637
  T_MMB            2,808         752       2,432       1,806       2,632       1,952       1,718         752       2,201         752         816       1,436       2,240       1,715
  T_MHI            3,048       3,046       2,716       3,076       2,721       3,027       3,007         884       1,951       3,046       3,086       3,014       2,944       2,736
  T_MHS            3,048       3,046       2,716       3,076       2,721       3,027       3,007         884       1,951       3,046       3,086       3,014       2,944       2,736
  T_MHB            3,048       3,046       2,716       3,076       2,721       3,027       3,007         884       1,951       3,046       3,086       3,014       2,944       2,736
  T_MII            8,464         382      16,384       1,664       6,838       7,479       8,509         382       4,423         382       4,541       7,866       8,510       5,833
  T_MIS            8,464         382      16,384       1,664       6,838       7,479       8,509         382       4,423         382       4,541       7,866       8,510       5,833
  T_MIB            8,464         382      16,384       1,664       6,838       7,479       8,509         382       4,423         382       4,541       7,866       8,510       5,833
  T_MSI           16,509      16,384      16,384      16,491      16,484      16,507      16,510      16,384      16,446      16,384      16,448      16,494      16,448      16,452
  T_MSS           16,509      16,384      16,384      16,491      16,484      16,507      16,510      16,384      16,446      16,384      16,448      16,494      16,448      16,452
  T_MSB           16,509      16,384      16,384      16,491      16,484      16,507      16,510      16,384      16,446      16,384      16,448      16,494      16,448      16,452
  T_MRI              253         128         128         235         228         251         254         128         190         128         192         238         192         196
  T_MRS              253         128         128         235         228         251         254         128         190         128         192         238         192         196
  T_MRB              253         128         128         235         228         251         254         128         190         128         192         238         192         196

============================================================================================================================================
RAW MEAN COMPARISONS  n=1024  (mean over 8 seeds)
============================================================================================================================================
  Algorithm       random      sorted     reverse  nearly_sor  few_unique    sawtooth  pipe_organ    all_same  two_values  interleave     rotated  random_blo  killer_qui        MEAN
  ──────────────────────────────────────────────────────────────────────────────────────────────────────────────────────────────────────────────────────────────────────────────────
  T_QQI           10,827       7,047      11,506       7,800       7,782      11,027      21,662       7,041       7,704       7,047      10,681      10,315       9,887      10,025
  T_QQS           12,567      12,885      15,193      12,256      12,112      13,568      23,371      12,879      10,935      12,885      14,260      12,984      12,305      13,708
  T_QQB           12,295       7,047      15,193       8,404       7,857      12,600      22,948       7,041       7,724       7,047      12,368      11,514      11,745      11,060
  T_QMI           10,718       5,564       6,947       7,196       7,116      11,698      19,488       5,561       6,492       5,564       6,720       9,852       9,383       8,638
  T_QMS           12,861      12,186      13,354      12,395      11,702      13,964      22,051      12,183      10,322      12,186      13,130      12,269      12,492      13,161
  T_QMB           12,518       5,564       7,572       8,760       7,905      13,446      19,969       5,561       6,644       5,564       7,179      10,139      11,288       9,393
  T_QHI           14,198      14,649      15,863      14,600       8,098      15,071      23,688       6,075       7,135      14,649      15,367      14,525      14,193      13,701
  T_QHS           14,198      14,649      15,863      14,600       8,098      15,172      23,737       6,075       7,135      14,649      15,367      14,542      14,193      13,714
  T_QHB           14,198      14,649      15,863      14,600       8,098      15,134      23,731       6,075       7,135      14,649      15,367      14,529      14,193      13,709
  T_QII           28,119       4,084       6,339       7,541       9,210      24,459      36,856       4,081       5,829       4,084       6,329      28,164      29,718      14,986
  T_QIS           28,119       4,084       6,339       7,541       9,210      24,560      36,905       4,081       5,829       4,084       6,329      28,181      29,718      14,998
  T_QIB           28,119       4,084       6,339       7,541       9,210      24,522      36,899       4,081       5,829       4,084       6,329      28,168      29,718      14,994
  T_QSI           49,262      67,210      67,473      59,106      50,283      47,147      59,262      67,207      44,160      67,210      67,470      50,996      61,579      58,336
  T_QSS           49,262      67,210      67,473      59,106      50,283      47,248      59,311      67,207      44,160      67,210      67,470      51,013      61,579      58,349
  T_QSB           49,262      67,210      67,473      59,106      50,283      47,210      59,305      67,207      44,160      67,210      67,470      51,000      61,579      58,344
  T_QRI            4,307       3,075       4,346       3,513       3,959       5,833      14,289       3,072       3,895       3,075       3,837       4,608       3,330       4,703
  T_QRS            4,307       3,075       4,346       3,513       3,959       5,934      14,338       3,072       3,895       3,075       3,837       4,624       3,330       4,716
  T_QRB            4,307       3,075       4,346       3,513       3,959       5,896      14,332       3,072       3,895       3,075       3,837       4,612       3,330       4,712
  T_MQI           10,268       5,536       7,448       9,476       7,958       9,763       7,002       5,512       6,998       5,536       5,792       8,119       8,936       7,565
  T_MQS           11,977      11,472      11,784      11,931      11,445      12,149      12,138      11,448      10,576      11,472      11,728      12,027      11,768      11,686
  T_MQB           11,691       5,536      11,784      10,709       8,745      11,394       9,170       5,512       7,168       5,536       5,792       8,956      11,376       8,721
  T_MMI           10,714       4,032      10,752       7,110       9,515       6,574       7,902       4,032       7,418       4,032       4,288       5,647       9,152       7,013
  T_MMS           13,702      10,752      10,752      13,196      13,210      12,859      11,262      10,752      12,255      10,752      11,008      12,138      12,288      11,917
  T_MMB           13,298       4,032      10,752       9,178      12,461       6,842       7,902       4,032      10,398       4,032       4,288       5,793      10,496       7,962
  T_MHI           14,243      13,208      11,888      14,217      12,729      14,147      13,058       4,560       9,304      13,208      13,464      13,951      13,312      12,407
  T_MHS           14,243      13,208      11,888      14,217      12,729      14,147      13,058       4,560       9,304      13,208      13,464      13,951      13,312      12,407
  T_MHB           14,243      13,208      11,888      14,217      12,729      14,147      13,058       4,560       9,304      13,208      13,464      13,951      13,312      12,407
  T_MII           36,033       2,552      66,560       9,352      29,294      27,972      35,066       2,552      19,352       2,552       2,808      18,191      35,576      22,143
  T_MIS           36,033       2,552      66,560       9,352      29,294      27,972      35,066       2,552      19,352       2,552       2,808      18,191      35,576      22,143
  T_MIB           36,033       2,552      66,560       9,352      29,294      27,972      35,066       2,552      19,352       2,552       2,808      18,191      35,576      22,143
  T_MSI           68,084      66,560      66,560      67,970      67,797      68,079      67,070      66,560      67,314      66,560      66,816      67,642      67,328      67,257
  T_MSS           68,084      66,560      66,560      67,970      67,797      68,079      67,070      66,560      67,314      66,560      66,816      67,642      67,328      67,257
  T_MSB           68,084      66,560      66,560      67,970      67,797      68,079      67,070      66,560      67,314      66,560      66,816      67,642      67,328      67,257
  T_MRI            3,060       1,536       1,536       2,946       2,773       3,055       2,046       1,536       2,290       1,536       1,792       2,618       2,304       2,233
  T_MRS            3,060       1,536       1,536       2,946       2,773       3,055       2,046       1,536       2,290       1,536       1,792       2,618       2,304       2,233
  T_MRB            3,060       1,536       1,536       2,946       2,773       3,055       2,046       1,536       2,290       1,536       1,792       2,618       2,304       2,233

============================================================================================================================================
RAW MEAN WALL TIME (ms)  n=64  (mean over 8 seeds)
============================================================================================================================================
  Algorithm       random      sorted     reverse  nearly_sor  few_unique    sawtooth  pipe_organ    all_same  two_values  interleave     rotated  random_blo  killer_qui        MEAN
  ──────────────────────────────────────────────────────────────────────────────────────────────────────────────────────────────────────────────────────────────────────────────────
  T_QQI            0.044       0.017       0.025       0.018       0.030       0.040       0.057       0.021       0.024       0.017       0.050       0.041       0.038       0.032
  T_QQS            0.061       0.040       0.042       0.035       0.043       0.041       0.083       0.057       0.041       0.040       0.054       0.039       0.039       0.047
  T_QQB            0.073       0.035       0.043       0.024       0.033       0.041       0.068       0.031       0.025       0.013       0.069       0.050       0.049       0.043
  T_QMI            0.068       0.021       0.067       0.026       0.042       0.044       0.065       0.037       0.061       0.021       0.022       0.043       0.046       0.043
  T_QMS            0.054       0.042       0.045       0.050       0.055       0.054       0.051       0.060       0.073       0.047       0.048       0.056       0.053       0.053
  T_QMB            0.070       0.019       0.079       0.042       0.059       0.056       0.045       0.019       0.055       0.030       0.021       0.054       0.057       0.047
  T_QHI            0.070       0.069       0.067       0.075       0.051       0.053       0.058       0.020       0.055       0.085       0.066       0.065       0.065       0.061
  T_QHS            0.069       0.069       0.059       0.086       0.074       0.059       0.064       0.020       0.040       0.079       0.081       0.086       0.065       0.065
  T_QHB            0.069       0.068       0.050       0.079       0.073       0.058       0.065       0.029       0.040       0.060       0.070       0.069       0.069       0.062
  T_QII            0.097       0.007       0.189       0.015       0.086       0.081       0.095       0.006       0.055       0.006       0.090       0.107       0.124       0.074
  T_QIS            0.108       0.008       0.190       0.016       0.084       0.087       0.105       0.007       0.058       0.007       0.084       0.109       0.097       0.074
  T_QIB            0.101       0.007       0.210       0.031       0.088       0.088       0.095       0.008       0.057       0.007       0.114       0.108       0.109       0.079
  T_QSI            0.131       0.114       0.120       0.113       0.136       0.116       0.120       0.114       0.123       0.112       0.133       0.149       0.123       0.123
  T_QSS            0.125       0.128       0.132       0.115       0.140       0.122       0.107       0.112       0.121       0.116       0.132       0.118       0.152       0.125
  T_QSB            0.125       0.101       0.110       0.109       0.122       0.121       0.116       0.112       0.106       0.128       0.115       0.132       0.106       0.115
  T_QRI            0.035       0.024       0.021       0.022       0.013       0.025       0.029       0.020       0.012       0.020       0.019       0.023       0.036       0.023
  T_QRS            0.054       0.022       0.022       0.022       0.013       0.028       0.029       0.022       0.012       0.021       0.019       0.022       0.033       0.025
  T_QRB            0.047       0.023       0.020       0.020       0.012       0.011       0.030       0.036       0.013       0.020       0.020       0.022       0.023       0.023
  T_MQI            0.051       0.015       0.022       0.016       0.027       0.027       0.058       0.029       0.022       0.019       0.050       0.035       0.035       0.031
  T_MQS            0.056       0.059       0.042       0.038       0.038       0.038       0.061       0.060       0.036       0.035       0.042       0.043       0.039       0.045
  T_MQB            0.046       0.040       0.060       0.021       0.033       0.037       0.056       0.028       0.032       0.027       0.062       0.043       0.044       0.041
  T_MMI            0.044       0.043       0.070       0.024       0.038       0.039       0.043       0.039       0.042       0.019       0.019       0.039       0.041       0.038
  T_MMS            0.058       0.046       0.050       0.044       0.049       0.054       0.050       0.046       0.064       0.053       0.043       0.047       0.047       0.050
  T_MMB            0.063       0.017       0.090       0.035       0.067       0.074       0.051       0.019       0.049       0.040       0.021       0.055       0.054       0.049
  T_MHI            0.069       0.061       0.050       0.088       0.076       0.053       0.060       0.018       0.035       0.062       0.086       0.079       0.063       0.061
  T_MHS            0.067       0.082       0.079       0.063       0.070       0.076       0.059       0.018       0.043       0.059       0.080       0.093       0.081       0.067
  T_MHB            0.068       0.068       0.090       0.070       0.058       0.073       0.064       0.020       0.040       0.068       0.083       0.068       0.104       0.067
  T_MII            0.097       0.007       0.187       0.015       0.075       0.080       0.094       0.007       0.053       0.007       0.076       0.111       0.109       0.071
  T_MIS            0.120       0.007       0.189       0.015       0.093       0.091       0.108       0.006       0.051       0.007       0.075       0.100       0.116       0.075
  T_MIB            0.114       0.007       0.185       0.015       0.088       0.090       0.121       0.007       0.057       0.007       0.085       0.124       0.112       0.078
  T_MSI            0.128       0.115       0.125       0.114       0.109       0.120       0.120       0.116       0.119       0.113       0.104       0.107       0.120       0.116
  T_MSS            0.136       0.104       0.121       0.102       0.123       0.113       0.144       0.118       0.121       0.110       0.118       0.119       0.125       0.120
  T_MSB            0.135       0.149       0.108       0.101       0.124       0.135       0.124       0.116       0.107       0.103       0.125       0.106       0.122       0.120
  T_MRI            0.037       0.042       0.020       0.020       0.012       0.011       0.020       0.035       0.024       0.024       0.020       0.020       0.020       0.023
  T_MRS            0.032       0.043       0.020       0.020       0.012       0.011       0.020       0.036       0.023       0.019       0.022       0.023       0.020       0.023
  T_MRB            0.032       0.021       0.033       0.032       0.012       0.012       0.020       0.019       0.034       0.031       0.024       0.020       0.020       0.024

============================================================================================================================================
RAW MEAN WALL TIME (ms)  n=256  (mean over 8 seeds)
============================================================================================================================================
  Algorithm       random      sorted     reverse  nearly_sor  few_unique    sawtooth  pipe_organ    all_same  two_values  interleave     rotated  random_blo  killer_qui        MEAN
  ──────────────────────────────────────────────────────────────────────────────────────────────────────────────────────────────────────────────────────────────────────────────────
  T_QQI            0.221       0.100       0.159       0.106       0.177       0.158       0.256       0.137       0.148       0.103       0.154       0.188       0.186       0.161
  T_QQS            0.232       0.211       0.241       0.167       0.209       0.212       0.293       0.216       0.224       0.190       0.208       0.193       0.211       0.216
  T_QQB            0.235       0.082       0.208       0.096       0.131       0.215       0.285       0.123       0.146       0.089       0.216       0.219       0.247       0.176
  T_QMI            0.253       0.126       0.148       0.165       0.200       0.236       0.329       0.131       0.163       0.135       0.240       0.231       0.232       0.199
  T_QMS            0.243       0.206       0.229       0.249       0.264       0.271       0.328       0.233       0.235       0.251       0.273       0.264       0.268       0.255
  T_QMB            0.304       0.124       0.141       0.190       0.252       0.255       0.326       0.114       0.170       0.117       0.286       0.252       0.295       0.217
  T_QHI            0.329       0.353       0.308       0.309       0.218       0.345       0.379       0.103       0.144       0.354       0.324       0.330       0.345       0.296
  T_QHS            0.324       0.341       0.356       0.341       0.220       0.385       0.369       0.108       0.142       0.334       0.312       0.318       0.339       0.299
  T_QHB            0.352       0.340       0.310       0.336       0.218       0.310       0.407       0.102       0.142       0.303       0.316       0.300       0.289       0.287
  T_QII            0.582       0.038       0.065       0.124       0.352       0.478       0.584       0.065       0.132       0.035       0.864       0.684       0.865       0.374
  T_QIS            0.652       0.066       0.072       0.121       0.351       0.512       0.676       0.061       0.139       0.040       0.882       0.696       0.790       0.389
  T_QIB            0.609       0.043       0.065       0.119       0.351       0.499       0.643       0.047       0.139       0.040       0.886       0.693       0.891       0.387
  T_QSI            0.681       0.882       0.845       0.886       0.738       0.645       0.583       0.897       0.632       0.879       0.718       0.617       0.844       0.757
  T_QSS            0.676       0.936       0.921       0.819       0.608       0.653       0.517       0.821       0.640       0.895       0.625       0.689       0.930       0.748
  T_QSB            0.664       0.802       0.900       0.874       0.656       0.615       0.528       0.814       0.569       0.835       0.646       0.672       0.854       0.725
  T_QRI            0.208       0.158       0.140       0.134       0.085       0.122       0.228       0.102       0.067       0.119       0.132       0.145       0.137       0.137
  T_QRS            0.202       0.161       0.154       0.134       0.084       0.113       0.231       0.116       0.080       0.120       0.129       0.152       0.132       0.139
  T_QRB            0.182       0.155       0.152       0.118       0.077       0.110       0.266       0.103       0.079       0.126       0.161       0.136       0.138       0.139
  T_MQI            0.199       0.113       0.159       0.163       0.178       0.176       0.129       0.110       0.144       0.102       0.137       0.177       0.172       0.151
  T_MQS            0.240       0.176       0.221       0.254       0.200       0.214       0.200       0.198       0.203       0.192       0.210       0.209       0.209       0.210
  T_MQB            0.244       0.105       0.214       0.205       0.158       0.251       0.157       0.105       0.132       0.100       0.185       0.199       0.225       0.175
  T_MMI            0.251       0.118       0.316       0.162       0.234       0.188       0.230       0.118       0.177       0.160       0.135       0.193       0.211       0.192
  T_MMS            0.285       0.236       0.252       0.239       0.268       0.279       0.253       0.236       0.235       0.215       0.236       0.237       0.241       0.247
  T_MMB            0.314       0.113       0.329       0.220       0.292       0.258       0.256       0.127       0.263       0.131       0.148       0.202       0.268       0.225
  T_MHI            0.349       0.309       0.266       0.351       0.296       0.314       0.300       0.102       0.190       0.313       0.330       0.311       0.335       0.290
  T_MHS            0.360       0.311       0.330       0.347       0.301       0.318       0.316       0.094       0.199       0.323       0.356       0.351       0.330       0.303
  T_MHB            0.375       0.346       0.316       0.353       0.296       0.340       0.343       0.116       0.218       0.356       0.348       0.335       0.375       0.316
  T_MII            0.864       0.067       1.558       0.163       0.636       0.692       0.790       0.063       0.420       0.043       0.448       0.770       0.809       0.563
  T_MIS            0.878       0.068       1.558       0.177       0.730       0.759       0.799       0.056       0.436       0.044       0.426       0.753       0.793       0.575
  T_MIB            0.869       0.073       1.582       0.159       0.635       0.766       0.943       0.062       0.442       0.045       0.528       0.829       0.899       0.602
  T_MSI            0.836       0.933       0.984       0.910       0.917       0.957       0.831       0.878       0.947       0.954       0.835       0.857       0.944       0.906
  T_MSS            0.896       0.856       0.942       0.839       0.951       0.823       0.874       0.871       0.959       0.831       0.873       0.922       0.902       0.888
  T_MSB            0.869       0.817       0.874       0.880       0.867       0.867       0.880       0.821       0.924       0.826       0.832       0.852       0.808       0.855
  T_MRI            0.203       0.127       0.141       0.145       0.067       0.102       0.134       0.094       0.101       0.155       0.159       0.135       0.146       0.131
  T_MRS            0.180       0.128       0.127       0.134       0.084       0.102       0.135       0.094       0.066       0.136       0.162       0.165       0.130       0.126
  T_MRB            0.180       0.133       0.128       0.165       0.081       0.135       0.135       0.098       0.068       0.133       0.153       0.146       0.144       0.131

============================================================================================================================================
RAW MEAN WALL TIME (ms)  n=1024  (mean over 8 seeds)
============================================================================================================================================
  Algorithm       random      sorted     reverse  nearly_sor  few_unique    sawtooth  pipe_organ    all_same  two_values  interleave     rotated  random_blo  killer_qui        MEAN
  ──────────────────────────────────────────────────────────────────────────────────────────────────────────────────────────────────────────────────────────────────────────────────
  T_QQI            1.125       0.557       0.967       0.657       0.823       0.963       1.645       0.731       0.823       0.584       0.941       0.954       0.999       0.905
  T_QQS            1.210       0.919       1.187       0.935       1.118       1.240       1.928       1.151       1.071       0.946       1.122       1.064       1.032       1.148
  T_QQB            1.213       0.483       1.166       0.626       0.773       1.113       1.946       0.707       0.799       0.569       1.155       1.084       1.202       0.987
  T_QMI            1.274       0.681       0.812       0.826       0.930       1.348       1.831       0.763       0.877       0.685       0.858       1.190       1.175       1.019
  T_QMS            1.265       0.997       1.238       1.216       1.244       1.432       1.912       1.240       1.178       1.134       1.303       1.227       1.346       1.287
  T_QMB            1.553       0.650       0.836       0.943       1.007       1.423       1.912       0.666       0.924       0.669       0.859       1.306       1.409       1.089
  T_QHI            1.550       1.482       1.472       1.420       0.743       1.369       2.096       0.730       0.759       1.576       1.654       1.512       1.506       1.374
  T_QHS            1.560       1.609       1.714       1.514       0.842       1.569       2.123       0.638       0.731       1.533       1.586       1.525       1.516       1.420
  T_QHB            1.522       1.497       1.444       1.497       0.824       1.499       2.113       0.782       0.825       1.381       1.466       1.385       1.382       1.355
  T_QII            2.921       0.319       0.538       0.698       0.934       2.392       3.204       0.385       0.557       0.300       0.615       3.024       3.254       1.473
  T_QIS            2.947       0.290       0.508       0.721       0.938       2.550       3.476       0.436       0.620       0.328       0.617       2.737       2.978       1.473
  T_QIB            3.033       0.294       0.512       0.714       0.968       2.475       3.609       0.439       0.608       0.321       0.613       3.014       3.086       1.514
  T_QSI            3.264       3.808       3.913       3.500       3.190       3.010       3.936       3.895       2.869       3.942       4.073       3.111       3.759       3.559
  T_QSS            3.140       3.893       4.092       3.555       3.182       3.012       3.647       4.151       2.881       4.048       3.881       3.274       3.807       3.582
  T_QSB            2.880       3.882       3.941       3.525       3.204       2.956       3.505       3.785       2.492       3.614       3.778       3.197       3.427       3.399
  T_QRI            1.021       0.714       0.826       0.759       0.495       0.737       1.384       0.564       0.472       0.650       0.778       0.894       0.792       0.776
  T_QRS            1.072       0.710       0.823       0.774       0.548       0.738       1.397       0.594       0.463       0.663       0.822       0.842       0.701       0.780
  T_QRB            1.036       0.691       0.747       0.703       0.500       0.730       1.501       0.637       0.460       0.680       0.790       0.866       0.710       0.773
  T_MQI            1.172       0.606       0.866       0.999       0.891       1.097       0.760       0.740       0.821       0.670       0.648       0.963       1.010       0.865
  T_MQS            1.227       1.049       1.133       1.138       1.166       1.230       1.128       1.053       1.086       1.046       1.012       1.161       1.174       1.123
  T_MQB            1.466       0.672       1.281       1.140       0.956       1.243       0.958       0.653       0.838       0.615       0.642       0.969       1.289       0.979
  T_MMI            1.409       0.740       1.486       0.926       1.217       0.920       1.135       0.748       1.042       0.758       0.746       0.859       1.271       1.020
  T_MMS            1.520       1.236       1.273       1.323       1.474       1.422       1.339       1.299       1.272       1.162       1.161       1.282       1.325       1.315
  T_MMB            1.693       0.694       1.883       1.102       1.557       1.022       1.379       0.762       1.391       0.813       0.803       0.939       1.385       1.186
  T_MHI            1.627       1.540       1.347       1.706       1.462       1.582       1.465       0.615       1.051       1.507       1.507       1.513       1.511       1.418
  T_MHS            1.577       1.492       1.441       1.546       1.334       1.454       1.410       0.595       1.029       1.660       1.654       1.688       1.607       1.422
  T_MHB            1.724       1.689       1.550       1.697       1.482       1.640       1.575       0.634       1.132       1.657       1.653       1.675       1.596       1.516
  T_MII            3.813       0.400       6.976       1.119       3.098       2.891       3.906       0.421       2.055       0.412       0.399       1.926       3.715       2.395
  T_MIS            3.810       0.398       6.977       1.158       3.466       2.996       3.777       0.392       2.068       0.421       0.427       1.918       3.717       2.425
  T_MIB            3.792       0.392       6.969       1.124       3.234       3.309       4.188       0.391       2.291       0.470       0.490       2.169       4.012       2.525
  T_MSI            4.159       4.128       4.358       3.908       4.563       4.319       3.982       3.992       4.404       3.897       3.870       4.075       4.298       4.150
  T_MSS            4.003       4.054       3.977       4.311       4.155       4.022       4.068       3.916       4.287       4.081       3.877       3.969       3.973       4.053
  T_MSB            4.373       3.785       3.921       3.989       4.228       4.059       3.932       3.795       4.044       3.708       3.808       3.880       4.029       3.965
  T_MRI            1.175       0.815       0.749       0.899       0.543       0.867       0.763       0.601       0.531       0.841       0.762       0.879       0.811       0.787
  T_MRS            1.172       0.773       0.772       0.875       0.525       0.872       0.765       0.612       0.507       0.786       0.806       0.921       0.802       0.784
  T_MRB            1.190       0.768       0.737       0.913       0.540       0.878       0.784       0.617       0.543       0.802       0.767       0.888       0.803       0.787

